--> GF2

C21 - n=10, k=4
[ [1, 0, 0, 0, 1, 0, 0, 0, 0, 0], [1, 0, 1, 1, 0, 1, 0, 0, 0, 0], [1, 1, 0, 1, 0, 0, 1, 0, 0, 0], [1, 1, 1, 0, 0, 0, 0, 1, 0, 0], [1, 1, 1, 1, 0, 0, 0, 0, 1, 0], [1, 1, 1, 1, 0, 0, 0, 0, 0, 1] ]

C21p - n=10, k=4
[ [0, 0, 1, 0, 0, 0, 0, 0, 1, 0], [1, 1, 0, 0, 0, 1, 0, 0, 1, 0], [1, 0, 0, 1, 0, 0, 1, 0, 1, 0], [0, 1, 0, 0, 0, 0, 1, 1, 1, 0], [1, 1, 0, 0, 0, 0, 1, 0, 1, 1], [1, 1, 0, 0, 1, 0, 1, 0, 1, 0] ]
[ [0, 0, 1, 1, 1, 1, 0, 1, 1, 1], [0, 0, 0, 1, 1, 0, 1, 1, 0, 1], [0, 1, 0, 0, 1, 1, 0, 1, 0, 1], [1, 0, 0, 1, 1, 1, 0, 0, 0, 1] ]

C22 - n=15, k=8
[ [1, 1, 0, 1, 0, 0, 0, 1, 0, 0, 0, 0, 0, 0, 0], [0, 1, 1, 0, 1, 0, 0, 0, 1, 0, 0, 0, 0, 0, 0], [0, 0, 1, 1, 0, 1, 0, 0, 0, 1, 0, 0, 0, 0, 0], [0, 0, 0, 1, 1, 0, 1, 0, 0, 0, 1, 0, 0, 0, 0], [0, 0, 0, 0, 1, 1, 0, 1, 0, 0, 0, 1, 0, 0, 0], [0, 0, 0, 0, 0, 1, 1, 0, 1, 0, 0, 0, 1, 0, 0], [0, 0, 0, 0, 0, 0, 1, 1, 0, 1, 0, 0, 0, 1, 0], [0, 0, 0, 0, 0, 0, 0, 1, 1, 0, 1, 0, 0, 0, 1] ]

C23 - n=15, k=5
[ [1, 1, 1, 1, 0, 1, 0, 0, 0, 0, 0, 0, 0, 0, 0], [0, 1, 0, 0, 0, 0, 1, 0, 0, 0, 0, 0, 0, 0, 0], [1, 0, 0, 0, 1, 0, 0, 1, 0, 0, 0, 0, 0, 0, 0], [0, 1, 1, 1, 1, 0, 0, 0, 1, 0, 0, 0, 0, 0, 0], [0, 0, 1, 1, 1, 0, 0, 0, 0, 1, 0, 0, 0, 0, 0], [0, 1, 1, 0, 1, 0, 0, 0, 0, 0, 1, 0, 0, 0, 0], [1, 0, 0, 0, 1, 0, 0, 0, 0, 0, 0, 1, 0, 0, 0], [1, 1, 0, 1, 1, 0, 0, 0, 0, 0, 0, 0, 1, 0, 0], [0, 1, 1, 0, 1, 0, 0, 0, 0, 0, 0, 0, 0, 1, 0], [1, 0, 0, 0, 1, 0, 0, 0, 0, 0, 0, 0, 0, 0, 1] ]

C24 - n=18, k=6
[ [0, 0, 0, 0, 0, 1, 1, 0, 0, 0, 0, 0, 0, 0, 0, 0, 0, 0], [1, 1, 0, 0, 0, 1, 0, 1, 0, 0, 0, 0, 0, 0, 0, 0, 0, 0], [1, 1, 1, 1, 1, 0, 0, 0, 1, 0, 0, 0, 0, 0, 0, 0, 0, 0], [1, 1, 1, 1, 0, 0, 0, 0, 0, 1, 0, 0, 0, 0, 0, 0, 0, 0], [1, 1, 0, 0, 1, 1, 0, 0, 0, 0, 1, 0, 0, 0, 0, 0, 0, 0], [1, 0, 0, 0, 0, 0, 0, 0, 0, 0, 0, 1, 0, 0, 0, 0, 0, 0], [1, 0, 0, 1, 1, 1, 0, 0, 0, 0, 0, 0, 1, 0, 0, 0, 0, 0], [1, 1, 0, 0, 0, 1, 0, 0, 0, 0, 0, 0, 0, 1, 0, 0, 0, 0], [0, 1, 0, 0, 0, 1, 0, 0, 0, 0, 0, 0, 0, 0, 1, 0, 0, 0], [0, 1, 1, 0, 0, 0, 0, 0, 0, 0, 0, 0, 0, 0, 0, 1, 0, 0], [0, 0, 1, 1, 1, 1, 0, 0, 0, 0, 0, 0, 0, 0, 0, 0, 1, 0], [0, 1, 1, 0, 0, 1, 0, 0, 0, 0, 0, 0, 0, 0, 0, 0, 0, 1] ]

C25 - n=20, k=7
[[ 0, 1, 1, 0, 0, 0, 0, 1, 0, 0, 0, 0, 0, 0, 0, 0, 0, 0, 0, 0],[ 0, 0, 1, 0, 1, 1, 1, 0, 1, 0, 0, 0, 0, 0, 0, 0, 0, 0, 0, 0],[ 0, 0, 0, 0, 0, 1, 0, 0, 0, 1, 0, 0, 0, 0, 0, 0, 0, 0, 0, 0],[ 1, 0, 0, 0, 1, 0, 1, 0, 0, 0, 1, 0, 0, 0, 0, 0, 0, 0, 0, 0],[ 1, 0, 1, 1, 0, 0, 0, 0, 0, 0, 0, 1, 0, 0, 0, 0, 0, 0, 0, 0],[ 0, 1, 1, 1, 0, 0, 1, 0, 0, 0, 0, 0, 1, 0, 0, 0, 0, 0, 0, 0],[ 1, 0, 0, 1, 1, 1, 0, 0, 0, 0, 0, 0, 0, 1, 0, 0, 0, 0, 0, 0],[ 1, 1, 1, 0, 1, 0, 0, 0, 0, 0, 0, 0, 0, 0, 1, 0, 0, 0, 0, 0],[ 0, 1, 1, 1, 0, 1, 0, 0, 0, 0, 0, 0, 0, 0, 0, 1, 0, 0, 0, 0],[ 1, 0, 1, 0, 1, 0, 1, 0, 0, 0, 0, 0, 0, 0, 0, 0, 1, 0, 0, 0],[ 0, 0, 1, 1, 0, 1, 1, 0, 0, 0, 0, 0, 0, 0, 0, 0, 0, 1, 0, 0],[ 1, 0, 1, 0, 0, 0, 1, 0, 0, 0, 0, 0, 0, 0, 0, 0, 0, 0, 1, 0],[ 0, 0, 0, 1, 1, 1, 1, 0, 0, 0, 0, 0, 0, 0, 0, 0, 0, 0, 0, 1]]

C26 - n=24, k=10
[[ 1, 1, 1, 0, 1, 1, 0, 1, 0, 0, 1, 0, 0, 0, 0, 0, 0, 0, 0, 0, 0, 0, 0, 0],[ 0, 0, 1, 0, 0, 1, 0, 1, 0, 1, 0, 1, 0, 0, 0, 0, 0, 0, 0, 0, 0, 0, 0, 0],[ 0, 1, 0, 1, 1, 0, 0, 1, 1, 0, 0, 0, 1, 0, 0, 0, 0, 0, 0, 0, 0, 0, 0, 0],[ 1, 0, 0, 0, 1, 1, 1, 1, 1, 0, 0, 0, 0, 1, 0, 0, 0, 0, 0, 0, 0, 0, 0, 0],[ 0, 0, 0, 0, 0, 1, 1, 0, 0, 0, 0, 0, 0, 0, 1, 0, 0, 0, 0, 0, 0, 0, 0, 0],[ 1, 1, 0, 0, 0, 1, 1, 1, 0, 0, 0, 0, 0, 0, 0, 1, 0, 0, 0, 0, 0, 0, 0, 0],[ 0, 0, 1, 1, 0, 0, 0, 1, 1, 0, 0, 0, 0, 0, 0, 0, 1, 0, 0, 0, 0, 0, 0, 0],[ 0, 0, 1, 0, 1, 0, 1, 1, 1, 1, 0, 0, 0, 0, 0, 0, 0, 1, 0, 0, 0, 0, 0, 0],[ 1, 0, 0, 0, 1, 0, 1, 1, 0, 0, 0, 0, 0, 0, 0, 0, 0, 0, 1, 0, 0, 0, 0, 0],[ 0, 1, 0, 1, 1, 1, 0, 1, 0, 0, 0, 0, 0, 0, 0, 0, 0, 0, 0, 1, 0, 0, 0, 0],[ 0, 1, 0, 0, 1, 0, 1, 0, 1, 1, 0, 0, 0, 0, 0, 0, 0, 0, 0, 0, 1, 0, 0, 0],[ 0, 0, 0, 0, 0, 1, 1, 0, 1, 0, 0, 0, 0, 0, 0, 0, 0, 0, 0, 0, 0, 1, 0, 0],[ 1, 0, 1, 0, 0, 0, 0, 1, 0, 1, 0, 0, 0, 0, 0, 0, 0, 0, 0, 0, 0, 0, 1, 0],[ 0, 0, 0, 0, 0, 1, 1, 1, 1, 0, 0, 0, 0, 0, 0, 0, 0, 0, 0, 0, 0, 0, 0, 1]]

C27 - n=30, k=20
[[0, 0, 0, 0, 0, 0, 1, 0, 1, 1, 0, 0, 0, 0, 1, 0, 1, 0, 0, 0, 1, 0, 0, 0, 0, 1, 1, 0, 1, 1], [0, 1, 0, 0, 1, 0, 0, 0, 0, 1, 0, 0, 1, 1, 0, 1, 0, 1, 0, 1, 1, 0, 0, 0, 1, 0, 1, 1, 0, 0], [0, 0, 0, 1, 0, 0, 0, 0, 1, 1, 1, 0, 0, 1, 0, 0, 0, 1, 0, 0, 1, 0, 1, 0, 1, 0, 1, 0, 0, 1], [0, 1, 0, 0, 1, 0, 1, 1, 0, 0, 0, 0, 1, 0, 1, 0, 1, 1, 1, 1, 1, 0, 0, 0, 1, 1, 1, 0, 0, 0], [0, 0, 0, 0, 0, 0, 1, 0, 0, 0, 0, 0, 1, 1, 0, 0, 0, 1, 0, 0, 0, 1, 0, 0, 0, 1, 1, 0, 0, 0], [0, 1, 0, 0, 0, 1, 0, 0, 1, 0, 0, 0, 0, 0, 1, 0, 0, 1, 1, 0, 1, 0, 1, 0, 1, 0, 0, 0, 0, 1], [0, 1, 0, 0, 0, 0, 0, 0, 1, 1, 0, 1, 1, 0, 1, 1, 1, 1, 1, 0, 1, 0, 0, 0, 0, 0, 1, 0, 0, 1], [1, 1, 0, 0, 0, 0, 0, 0, 1, 0, 0, 0, 0, 1, 1, 0, 1, 0, 1, 0, 1, 0, 0, 0, 1, 0, 1, 0, 0, 0], [0, 1, 0, 0, 1, 0, 1, 0, 1, 0, 0, 0, 1, 0, 0, 0, 0, 0, 0, 1, 0, 0, 1, 1, 0, 0, 0, 0, 0, 0], [0, 1, 1, 0, 1, 0, 0, 0, 0, 1, 0, 0, 1, 1, 0, 1, 1, 0, 0, 1, 1, 0, 1, 0, 0, 1, 0, 0, 0, 1]]
[[1, 0, 0, 0, 0, 1, 0, 1, 0, 0, 0, 1, 0, 0, 0, 0, 0, 0, 1, 0, 0, 0, 0, 0, 0, 0, 0, 0, 0, 0], [1, 0, 0, 1, 0, 1, 0, 1, 0, 0, 0, 0, 0, 0, 0, 0, 0, 0, 0, 0, 0, 0, 0, 0, 1, 0, 0, 1, 0, 0], [0, 0, 1, 1, 0, 0, 0, 0, 0, 1, 0, 1, 0, 0, 0, 0, 0, 0, 0, 0, 0, 0, 0, 0, 0, 0, 0, 1, 1, 0], [0, 0, 0, 0, 0, 0, 1, 1, 0, 0, 0, 0, 0, 0, 0, 0, 0, 0, 0, 0, 0, 1, 0, 1, 0, 0, 0, 0, 1, 0], [0, 0, 1, 0, 0, 0, 0, 0, 0, 0, 0, 1, 0, 0, 0, 1, 0, 0, 0, 0, 0, 0, 0, 0, 0, 0, 0, 1, 0, 0], [0, 0, 1, 0, 0, 0, 0, 1, 0, 0, 0, 1, 1, 0, 0, 0, 0, 0, 0, 0, 0, 1, 0, 1, 0, 0, 0, 1, 0, 0], [0, 0, 1, 1, 0, 1, 0, 0, 0, 0, 0, 0, 0, 0, 0, 0, 0, 0, 0, 0, 0, 0, 1, 1, 0, 0, 0, 0, 0, 0], [1, 0, 1, 0, 0, 0, 0, 1, 0, 0, 0, 1, 0, 0, 0, 0, 1, 0, 0, 0, 0, 0, 0, 0, 0, 0, 0, 0, 1, 0], [0, 0, 1, 0, 0, 0, 0, 1, 0, 0, 0, 0, 0, 0, 0, 0, 0, 0, 0, 0, 0, 1, 0, 0, 0, 1, 0, 0, 1, 0], [0, 0, 1, 1, 0, 1, 0, 0, 0, 0, 0, 1, 0, 0, 0, 0, 0, 0, 0, 0, 0, 0, 0, 0, 0, 0, 0, 0, 1, 1], [1, 0, 1, 1, 0, 1, 0, 1, 0, 0, 0, 1, 0, 0, 0, 0, 0, 0, 0, 0, 1, 0, 0, 0, 0, 0, 0, 1, 1, 0], [1, 0, 0, 1, 0, 0, 0, 1, 0, 0, 0, 1, 0, 0, 0, 0, 0, 0, 0, 0, 0, 1, 0, 0, 0, 0, 1, 1, 1, 0], [1, 1, 1, 0, 0, 1, 0, 1, 0, 0, 0, 1, 0, 0, 0, 0, 0, 0, 0, 0, 0, 0, 0, 1, 0, 0, 0, 1, 0, 0], [0, 0, 1, 0, 0, 0, 0, 1, 0, 0, 0, 0, 0, 0, 0, 0, 0, 0, 0, 1, 0, 0, 0, 1, 0, 0, 0, 1, 0, 0], [1, 0, 0, 0, 0, 1, 0, 1, 0, 0, 0, 1, 0, 0, 1, 0, 0, 0, 0, 0, 0, 0, 0, 0, 0, 0, 0, 0, 1, 0], [1, 0, 0, 1, 0, 1, 0, 0, 1, 0, 0, 1, 0, 0, 0, 0, 0, 0, 0, 0, 0, 0, 0, 1, 0, 0, 0, 0, 1, 0], [1, 0, 1, 1, 0, 0, 0, 0, 0, 0, 0, 0, 0, 1, 0, 0, 0, 0, 0, 0, 0, 1, 0, 0, 0, 0, 0, 1, 0, 0], [0, 0, 1, 0, 1, 0, 0, 1, 0, 0, 0, 0, 0, 0, 0, 0, 0, 0, 0, 0, 0, 0, 0, 1, 0, 0, 0, 1, 0, 0], [0, 0, 0, 1, 0, 1, 0, 1, 0, 0, 0, 1, 0, 0, 0, 0, 0, 1, 0, 0, 0, 1, 0, 0, 0, 0, 0, 1, 0, 0], [0, 0, 0, 1, 0, 0, 0, 0, 0, 0, 1, 0, 0, 0, 0, 0, 0, 0, 0, 0, 0, 0, 0, 0, 0, 0, 0, 0, 0, 0]]

--> GF3

C31 - n=7, k=3
[ [0, 2, 0, 1, 0, 0, 0], [0, 2, 1, 0, 1, 0, 0], [1, 0, 0, 0, 0, 1, 0], [2, 0, 0, 0, 0, 0, 1] ]

C32 - n=10, k=5
[ [2, 1, 0, 0, 1, 0, 0, 0, 0], [2, 2, 2, 1, 0, 0, 1, 0, 0, 0], [2, 1, 1, 2, 0, 0, 0, 1, 0, 0], [1, 0, 1, 2, 1, 0, 0, 0, 1, 0], [2, 0, 0, 2, 0, 0, 0, 0, 0, 1] ]

C33 - n=17, k=10
[ [2, 2, 1, 0, 2, 0, 1, 1, 0, 2, 1, 0, 0, 0, 0, 0, 0], [0, 1, 0, 0, 1, 2, 2, 2, 2, 1, 0, 1, 0, 0, 0, 0, 0], [2, 0, 2, 1, 0, 2, 2, 2, 0, 0, 0, 0, 1, 0, 0, 0, 0], [1, 2, 2, 1, 1, 0, 0, 0, 2, 0, 0, 0, 0, 1, 0, 0, 0], [0, 1, 2, 1, 0, 0, 1, 0, 0, 2, 0, 0, 0, 0, 1, 0, 0], [2, 0, 0, 2, 0, 1, 0, 2, 1, 2, 0, 0, 0, 0, 0, 1, 0], [1, 2, 0, 1, 2, 0, 1, 2, 2, 2, 0, 0, 0, 0, 0, 0, 1] ]

--> GF4, x+1

C41 - n=5, k=2
[ [0, a+1, 1, 0, 0], [a+1, 1, 0, 1, 0], [1, 1, 0, 0, 1] ]

C42 - n=9, k=5
[ [0, a+1, a, 0, 1, 1, 0, 0, 0], [a+1, a+1, a, a+1, 1, 0, 1, 0, 0], [a+1, 0, a, a+1, 1, 0, 0, 1, 0], [a, a+1, 0, a+1, 1, 0, 0, 0, 1] ]

C43 - n=12, k=7
[ [1, a+1, 1, 1, a, 0, a, 1, 0, 0, 0, 0], [a+1, 1, 0, a+1, 1, 1, a+1, 0, 1, 0, 0, 0], [0, 1, a, a+1, 0, a, a, 0, 0, 1, 0, 0], [0, a, 1, 0, 0, 0, 1, 0, 0, 0, 1, 0], [a, 0, 0, a+1, 1, a, 1, 0, 0, 0, 0, 1] ]

--> GF8, x+1

C81 - n=4, k=2
[ [a^2+a, a^2, 1, 0], [a^2+a, a, 0, 1] ]

C82 - n=6, k=3
[ [a^2+a, 1, a^2+a+1, 1, 0, 0], [a^2+1, 0, a+1, 0, 1, 0], [0, a^2, a^2+a, 0, 0, 1] ]

C83 - n=8, k=4
[ [a^2+1, a^2, 0, a^2+a, 1, 0, 0, 0], [a+1, a^2, a^2+a, 1, 0, 1, 0, 0], [1, a^2+a, a, 0, 0, 0, 1, 0], [a, a^2+1, 1, 0, 0, 0, 0, 1] ]

--> GF16, x+1

C16_1 - n=7, k=3
[ [a^3+a^2+a+1, a^3+a, a^3+a^2, 1, 0, 0, 0], [a^3, 1 a^3+a, 0, 1, 0, 0], [a^3+a^2+a+1, a^3+a+1, 0, 0, 0, 1, 0], [a^2+a, a^3, a^3+a^2+a, 0, 0, 0, 1] ]

--> GF27, x+2

C27_1 - n=7, k=4
[ [2*a+1, a+2, a+2, 2*a^2+a+1, 1, 0, 0], [a^2+2, 2*a^2+2, 2*a^2+a+1, a^2+a+1, 0, 1, 0], [2*a^2+2*a+2, a, 2*a^2+a+2, 2*a+1, 0, 0, 1] ]